left12850 66 100 66 
left12855 66 100 66 
left12860 66 100 66 
left12865 66 100 66 
left12870 66 100 66 
left12875 66 100 66 
left12880 66 66 66 
left12885 33 33 33 
left12890 0 0 0 
left12895 0 0 0 
left12900 0 0 0 
left12905 0 0 0 
left12910 0 0 0 
left12915 0 0 0 
left12920 0 0 0 
left12925 0 0 0 
left12930 0 0 0 
left12935 0 0 0 
left12940 0 0 0 
left12945 0 0 0 
left12950 0 0 0 
left12955 0 0 0 
left12960 0 0 0 
left12965 0 0 0 
left12970 0 0 0 
left0500 66 100 100 
left0510 66 100 66 
left0520 66 100 66 
left0530 66 100 66 
left0540 66 100 66 
left0550 100 100 66 
left0560 100 100 66 
left0570 100 100 66 
left0580 100 100 66 
left0590 66 100 66 
left0600 100 100 66 
left0610 100 100 66 
left0620 100 100 66 
left0630 66 100 66 
left0640 66 100 66 
left0650 66 100 66 
left0660 66 100 66 
left0670 66 100 66 
left0680 66 100 66 
left0690 66 100 66 
left0700 66 100 33 
left0710 33 100 33 
left0720 66 66 0 
left0730 66 33 0 
left0740 66 33 0 
left0750 66 66 33 
left0760 66 66 33 
left0770 66 66 33 
left0780 66 100 66 
left0790 66 66 66 
left0800 100 100 66 
left0810 66 100 66 
left0820 66 100 100 
left0830 66 100 100 
left0840 66 100 66 
left0850 66 100 100 
left0860 66 100 66 
left0870 66 66 66 
left0880 33 66 66 
left0890 66 100 66 
left0900 66 33 33 
left0910 66 0 0 
left0920 100 33 0 
left0930 66 66 66 
left0940 66 100 100 
left0950 66 66 66 
left0960 66 66 66 
left0970 66 100 66 
left0980 66 100 66 
left0990 33 100 66 
left1000 33 100 66 
left1010 33 100 66 
left1020 66 100 66 
left1030 66 66 66 
left1040 66 100 66 
left1050 66 100 66 
left1060 66 66 33 
left1070 66 100 66 
left1080 66 100 66 
left1090 100 100 33 
left1100 66 100 66 
left1110 66 100 66 
left1120 33 100 66 
left1130 66 66 33 
left1140 66 66 33 
left1150 33 66 33 
left1160 33 66 66 
left1170 33 66 66 
left1180 33 66 66 
left1190 33 0 0 
left1200 33 33 33 
left1210 66 66 66 
left1220 66 100 66 
left1230 100 100 100 
left1240 66 100 66 
left1250 66 100 100 
left1260 66 100 100 
left1270 100 100 66 
left1280 66 100 100 
left1290 100 66 33 
left1300 66 66 0 
left1310 66 100 66 
left1320 100 100 100 
left1330 100 100 66 
left1340 100 100 66 
left1350 100 100 33 
left1360 100 100 33 
left1370 100 100 66 
left1380 100 100 66 
left1390 100 100 33 
left1400 100 100 33 
left1410 100 66 0 
left1420 100 100 33 
left1430 100 100 66 
left1440 100 100 66 
left1450 66 100 66 
left1460 66 100 66 
left1470 66 100 66 
left1480 100 100 66 
left1490 100 100 66 
left1500 100 100 66 
left1510 100 100 100 
left1520 66 100 100 
left1530 66 100 66 
left1540 66 100 66 
left1550 100 100 66 
left1560 100 100 66 
left1570 66 100 66 
left1580 66 100 66 
left1590 66 100 66 
left1600 66 100 100 
left1610 66 100 100 
left1620 100 100 100 
left1630 100 100 66 
left1640 66 100 66 
left1650 66 100 66 
left1660 100 100 66 
left1670 66 100 66 
left1680 66 66 66 
left1690 66 66 33 
left1700 66 66 33 
left1710 33 100 100 
left1720 66 100 100 
left1730 66 100 100 
left1740 100 100 66 
left1750 100 66 100 
left1760 66 100 100 
left1770 100 100 100 
left1780 100 100 66 
left1790 100 100 100 
left1800 100 100 100 
left1810 66 100 100 
left1820 66 100 66 
left1830 66 100 66 
left1840 66 100 66 
left1850 100 100 66 
left1860 66 100 100 
left1870 100 100 100 
left1880 100 100 66 
left1890 100 100 66 
left1900 100 100 66 
left1910 100 100 66 
left1920 100 100 100 
left1930 100 100 100 
left1940 66 100 100 
left1950 66 100 100 
left1960 66 100 100 
left1970 66 100 100 
left1980 66 100 100 
left1990 100 100 100 
left2000 100 100 100 
left2010 66 100 100 
left2020 66 100 100 
left2030 66 100 100 
left2040 100 100 66 
left2050 100 100 100 
left2060 100 100 100 
left2070 100 100 100 
left2080 66 100 100 
left2090 100 100 100 
left2100 100 100 100 
left2110 66 100 66 
left2120 66 100 100 
left2130 66 100 100 
left2140 66 100 100 
left2150 66 100 100 
left2160 100 100 100 
left2170 66 100 100 
left2180 66 100 100 
left2190 66 100 100 
left2200 66 100 100 
left2210 100 100 100 
left2220 100 100 100 
left2230 100 100 100 
left2240 100 100 66 
left2250 66 100 66 
left2260 100 100 100 
left2270 66 100 100 
left2280 66 100 100 
left2290 66 100 66 
left2300 66 100 66 
left2310 66 100 66 
left2320 66 100 66 
left2330 100 100 66 
left2340 100 100 66 
left2350 100 100 66 
left2360 66 100 66 
left2370 66 100 100 
left2380 66 100 100 
left2390 66 100 100 
left2400 66 100 66 
left2410 66 100 66 
left2420 66 100 100 
left2430 66 100 100 
left2440 66 100 100 
left2450 66 100 100 
left2460 66 100 100 
left2470 66 100 100 
left2480 66 100 100 
left2490 66 100 100 
left0505 66 100 100 
left0515 66 100 100 
left0525 100 100 66 
left0535 66 100 100 
left0545 66 100 100 
left0555 100 100 66 
left0565 100 100 66 
left0575 100 100 100 
left0585 100 100 66 
left0595 100 100 66 
left0605 100 100 66 
left0615 100 100 66 
left0625 100 100 66 
left0635 66 100 66 
left0645 66 100 66 
left0655 66 100 66 
left0665 66 100 66 
left0675 66 100 66 
left0685 66 100 66 
left0695 66 100 66 
left0705 66 100 33 
left0715 66 66 33 
left0725 66 66 0 
left0735 66 66 0 
left0745 66 66 33 
left0755 66 66 33 
left0765 66 66 33 
left0775 66 100 66 
left0785 66 100 66 
left0795 100 100 66 
left0805 100 100 66 
left0815 100 100 100 
left0825 66 100 100 
left0835 66 100 100 
left0845 66 100 100 
left0855 66 100 100 
left0865 66 66 100 
left0875 33 66 66 
left0885 66 100 66 
left0895 100 66 33 
left0905 66 33 0 
left0915 100 0 0 
left0925 66 100 66 
left0935 100 100 100 
left0945 100 100 66 
left0955 66 66 66 
left0965 66 66 66 
left0975 66 100 100 
left0985 66 100 66 
left0995 33 100 66 
left1005 66 100 100 
left1015 66 100 100 
left1025 66 100 66 
left1035 66 66 66 
left1045 66 100 100 
left1055 66 66 66 
left1065 33 66 33 
left1075 66 100 66 
left1085 100 100 66 
left1095 100 100 66 
left1105 100 100 66 
left1115 66 100 66 
left1125 66 66 66 
left1135 100 66 33 
left1145 33 66 66 
left1155 33 66 66 
left1165 33 66 66 
left1175 33 66 66 
left1185 33 33 33 
left1195 33 33 0 
left1205 33 66 66 
left1215 66 66 66 
left1225 66 100 66 
left1235 66 66 66 
left1245 66 100 66 
left1255 66 100 100 
left1265 100 100 66 
left1275 100 100 66 
left1285 100 100 66 
left1295 100 33 0 
left1305 66 66 33 
left1315 66 100 66 
left1325 100 100 66 
left1335 100 100 66 
left1345 100 100 66 
left1355 100 100 33 
left1365 100 100 66 
left1375 100 100 66 
left1385 100 100 66 
left1395 100 100 33 
left1405 66 66 33 
left1415 100 66 33 
left1425 100 100 66 
left1435 100 100 66 
left1445 66 100 66 
left1455 66 100 66 
left1465 66 100 66 
left1475 100 100 66 
left1485 100 100 33 
left1495 100 100 66 
left1505 100 100 66 
left1515 66 100 66 
left1525 66 100 100 
left1535 66 100 66 
left1545 100 100 66 
left1555 100 100 66 
left1565 100 100 66 
left1575 66 100 66 
left1585 66 100 66 
left1595 100 100 66 
left1605 66 100 100 
left1615 100 100 100 
left1625 100 100 100 
left1635 66 100 66 
left1645 66 100 66 
left1655 66 100 66 
left1665 100 100 66 
left1675 66 100 66 
left1685 66 66 33 
left1695 66 66 33 
left1705 33 100 66 
left1715 66 100 100 
left1725 66 100 100 
left1735 66 100 66 
left1745 100 66 66 
left1755 100 100 100 
left1765 100 100 100 
left1775 100 100 100 
left1785 100 100 100 
left1795 100 100 100 
left1805 100 100 100 
left1815 66 100 100 
left1825 66 66 66 
left1835 66 100 100 
left1845 100 100 66 
left1855 100 100 66 
left1865 100 100 100 
left1875 100 100 100 
left1885 100 100 66 
left1895 100 100 66 
left1905 100 100 66 
left1915 100 100 66 
left1925 100 100 100 
left1935 100 100 100 
left1945 66 100 100 
left1955 66 100 100 
left1965 66 100 100 
left1975 66 100 100 
left1985 100 100 100 
left1995 100 100 100 
left2005 100 100 100 
left2015 66 100 100 
left2025 66 100 100 
left2035 100 100 100 
left2045 100 100 66 
left2055 100 100 66 
left2065 100 100 66 
left2075 100 100 100 
left2085 100 100 66 
left2095 100 100 100 
left2105 66 100 100 
left2115 66 100 66 
left2125 66 100 100 
left2135 66 100 66 
left2145 66 100 100 
left2155 100 100 100 
left2165 100 100 100 
left2175 66 100 100 
left2185 66 100 100 
left2195 66 100 100 
left2205 100 100 100 
left2215 100 100 100 
left2225 100 100 100 
left2235 100 100 66 
left2245 66 100 66 
left2255 66 100 100 
left2265 100 100 66 
left2275 66 100 66 
left2285 66 100 100 
left2295 66 100 66 
left2305 66 100 66 
left2315 66 100 66 
left2325 66 100 66 
left2335 100 100 66 
left2345 100 100 66 
left2355 100 100 66 
left2365 66 100 100 
left2375 66 100 100 
left2385 66 100 100 
left2395 66 100 100 
left2405 66 100 66 
left2415 66 100 66 
left2425 66 100 100 
left2435 66 100 100 
left2445 66 100 100 
left2455 66 100 100 
left2465 66 100 100 
left2475 66 100 100 
left2485 66 100 100 
left2495 66 100 100 
left6300 66 100 100 
left6305 66 100 100 
left6310 100 100 100 
left6315 100 100 100 
left6320 100 100 100 
left6325 100 100 100 
left6330 100 100 100 
left6335 100 100 100 
left6340 100 100 66 
left6345 100 100 66 
left6350 100 100 66 
left6355 66 100 66 
left6360 33 66 33 
left6365 0 0 0 
left6370 0 0 0 
left6375 0 0 0 
left6380 0 0 0 
left6385 0 0 0 
left6390 0 0 0 
left6395 0 0 0 
left6400 0 0 0 
left6405 0 0 0 
left6410 0 0 0 
left6415 0 0 0 
left6420 0 0 0 
left6425 0 0 0 
left6430 0 0 0 
left6435 0 0 0 
left6440 0 0 0 
left6445 0 0 0 
left6450 0 0 0 
left6455 0 0 0 
left6460 0 0 0 
left6465 33 33 0 
left6470 66 66 33 
left6475 100 100 66 
left6480 100 100 66 
left6485 100 100 66 
left6490 100 100 66 
left6495 100 100 66 
left6500 100 100 33 
left6505 100 100 33 
left6510 100 100 33 
left6515 100 100 66 
left6520 100 100 66 
left6525 100 100 66 
left6530 100 100 66 
left6535 100 100 66 
left6540 100 100 66 
left6545 100 100 66 
